# step	m	energy
0	0.06500000	0.07000000
1	0.06000000	0.07000000
2	0.06000000	0.07000000
3	0.05500000	0.07000000
4	0.05000000	0.07000000
5	0.05000000	0.07000000
6	0.04500000	0.08000000
7	0.05000000	0.10000000
8	0.05000000	0.10000000
9	0.05000000	0.10000000
10	0.05500000	0.10000000
11	0.05500000	0.10000000
12	0.05500000	0.10000000
13	0.05500000	0.10000000
14	0.05500000	0.10000000
15	0.05000000	0.10000000
16	0.05000000	0.10000000
17	0.04500000	0.10000000
18	0.05000000	0.10000000
19	0.05000000	0.10000000
20	0.05000000	0.10000000
21	0.05000000	0.10000000
22	0.05000000	0.10000000
23	0.05000000	0.10000000
24	0.05000000	0.10000000
25	0.05000000	0.10000000
26	0.05000000	0.10000000
27	0.05000000	0.10000000
28	0.05500000	0.10000000
29	0.05500000	0.10000000
30	0.05000000	0.11000000
31	0.05000000	0.11000000
32	0.05000000	0.11000000
33	0.05000000	0.11000000
34	0.05000000	0.11000000
35	0.05000000	0.11000000
36	0.05000000	0.11000000
37	0.04500000	0.11000000
38	0.04500000	0.11000000
39	0.04500000	0.11000000
40	0.04500000	0.11000000
41	0.04500000	0.11000000
42	0.04500000	0.11000000
43	0.04000000	0.11000000
44	0.04000000	0.11000000
45	0.04000000	0.11000000
46	0.03500000	0.11000000
47	0.03000000	0.11000000
48	0.03000000	0.11000000
49	0.02500000	0.11000000
50	0.02500000	0.11000000
51	0.02500000	0.11000000
52	0.02000000	0.12000000
53	0.02000000	0.12000000
54	0.01500000	0.14000000
55	0.01500000	0.14000000
56	0.01000000	0.14000000
57	0.01000000	0.14000000
58	0.01000000	0.14000000
59	0.01000000	0.14000000
60	0.00500000	0.14000000
61	0.00500000	0.14000000
62	0.01000000	0.14000000
63	0.00500000	0.15000000
64	0.00000000	0.16000000
65	0.00000000	0.16000000
66	0.00500000	0.15000000
67	0.00000000	0.15000000
68	0.00000000	0.15000000
69	0.00500000	0.16000000
70	0.01000000	0.17000000
71	0.01000000	0.17000000
72	0.01000000	0.17000000
73	0.00500000	0.18000000
74	0.00500000	0.18000000
75	0.00500000	0.18000000
76	0.00500000	0.18000000
77	0.00000000	0.18000000
78	0.00000000	0.18000000
79	0.00000000	0.18000000
80	0.00000000	0.18000000
81	0.00000000	0.18000000
82	0.00000000	0.18000000
83	0.00000000	0.18000000
84	-0.00500000	0.18000000
85	-0.00500000	0.18000000
86	-0.00500000	0.18000000
87	-0.00500000	0.18000000
88	-0.00500000	0.18000000
89	-0.00500000	0.18000000
90	-0.00500000	0.18000000
91	-0.00500000	0.18000000
92	-0.00500000	0.18000000
93	-0.00500000	0.18000000
94	-0.00500000	0.18000000
95	-0.00500000	0.18000000
96	-0.00500000	0.18000000
97	-0.00500000	0.18000000
98	-0.00500000	0.18000000
99	-0.00500000	0.18000000
100	-0.00500000	0.18000000
101	-0.00500000	0.18000000
102	-0.01000000	0.19000000
103	-0.01500000	0.20000000
104	-0.02000000	0.19000000
105	-0.02500000	0.19000000
106	-0.02500000	0.19000000
107	-0.02500000	0.19000000
108	-0.02500000	0.19000000
109	-0.02500000	0.19000000
110	-0.03000000	0.19000000
111	-0.03500000	0.19000000
112	-0.03500000	0.19000000
113	-0.03000000	0.20000000
114	-0.03000000	0.20000000
115	-0.03000000	0.20000000
116	-0.03000000	0.20000000
117	-0.03000000	0.20000000
118	-0.03000000	0.20000000
119	-0.02500000	0.22000000
120	-0.02500000	0.22000000
121	-0.02500000	0.22000000
122	-0.02500000	0.22000000
123	-0.03000000	0.21000000
124	-0.03000000	0.21000000
125	-0.03000000	0.21000000
126	-0.03500000	0.22000000
127	-0.03500000	0.22000000
128	-0.03500000	0.22000000
129	-0.04000000	0.22000000
130	-0.03500000	0.23000000
131	-0.03500000	0.23000000
132	-0.04000000	0.23000000
133	-0.03500000	0.23000000
134	-0.03500000	0.23000000
135	-0.03500000	0.23000000
136	-0.03500000	0.23000000
137	-0.03500000	0.23000000
138	-0.03500000	0.23000000
139	-0.03500000	0.23000000
140	-0.03500000	0.23000000
141	-0.03500000	0.23000000
142	-0.03500000	0.23000000
143	-0.03500000	0.23000000
144	-0.03500000	0.23000000
145	-0.03500000	0.23000000
146	-0.03500000	0.23000000
147	-0.03500000	0.23000000
148	-0.04000000	0.23000000
149	-0.04000000	0.23000000
150	-0.04500000	0.24000000
151	-0.04500000	0.24000000
152	-0.04500000	0.24000000
153	-0.04500000	0.24000000
154	-0.04500000	0.24000000
155	-0.04500000	0.24000000
156	-0.04500000	0.24000000
157	-0.05000000	0.24000000
158	-0.05000000	0.24000000
159	-0.05000000	0.24000000
160	-0.05000000	0.24000000
161	-0.05000000	0.24000000
162	-0.05000000	0.24000000
163	-0.05000000	0.24000000
164	-0.05000000	0.24000000
165	-0.05000000	0.24000000
166	-0.05000000	0.24000000
167	-0.05500000	0.24000000
168	-0.05500000	0.24000000
169	-0.05500000	0.24000000
170	-0.05500000	0.24000000
171	-0.05000000	0.23000000
172	-0.05000000	0.23000000
173	-0.05000000	0.23000000
174	-0.05000000	0.23000000
175	-0.05000000	0.23000000
176	-0.05000000	0.23000000
177	-0.05000000	0.23000000
178	-0.05000000	0.23000000
179	-0.05500000	0.22000000
180	-0.05500000	0.22000000
181	-0.06000000	0.21000000
182	-0.06500000	0.21000000
183	-0.06500000	0.21000000
184	-0.06500000	0.21000000
185	-0.06000000	0.22000000
186	-0.05500000	0.22000000
187	-0.06000000	0.22000000
188	-0.06000000	0.22000000
189	-0.06500000	0.22000000
190	-0.06000000	0.22000000
191	-0.06000000	0.22000000
192	-0.06000000	0.22000000
193	-0.06000000	0.22000000
194	-0.06000000	0.22000000
195	-0.06000000	0.22000000
196	-0.06000000	0.22000000
197	-0.06500000	0.23000000
198	-0.06500000	0.23000000
199	-0.06500000	0.23000000
200	-0.06500000	0.23000000
201	-0.06000000	0.24000000
202	-0.05500000	0.24000000
203	-0.06000000	0.24000000
204	-0.05500000	0.26000000
205	-0.05000000	0.26000000
206	-0.05000000	0.26000000
207	-0.05000000	0.26000000
208	-0.04500000	0.26000000
209	-0.05000000	0.25000000
210	-0.05000000	0.25000000
211	-0.05000000	0.25000000
212	-0.05000000	0.25000000
213	-0.05000000	0.25000000
214	-0.05000000	0.25000000
215	-0.05500000	0.26000000
216	-0.05500000	0.26000000
217	-0.05500000	0.26000000
218	-0.05000000	0.26000000
219	-0.05000000	0.26000000
220	-0.05500000	0.26000000
221	-0.05500000	0.26000000
222	-0.05500000	0.26000000
223	-0.05500000	0.26000000
224	-0.05000000	0.26000000
225	-0.05000000	0.26000000
226	-0.04500000	0.27000000
227	-0.04500000	0.27000000
228	-0.04500000	0.27000000
229	-0.04500000	0.27000000
230	-0.04500000	0.27000000
231	-0.04500000	0.27000000
232	-0.04500000	0.27000000
233	-0.04000000	0.27000000
234	-0.04000000	0.27000000
235	-0.03500000	0.28000000
236	-0.03500000	0.28000000
237	-0.03500000	0.28000000
238	-0.03500000	0.28000000
239	-0.03500000	0.28000000
240	-0.03000000	0.30000000
241	-0.02500000	0.29000000
242	-0.03000000	0.30000000
243	-0.03500000	0.29000000
244	-0.03500000	0.29000000
245	-0.03000000	0.28000000
246	-0.03000000	0.28000000
247	-0.03000000	0.28000000
248	-0.03000000	0.28000000
249	-0.03000000	0.28000000
250	-0.03000000	0.28000000
251	-0.03000000	0.28000000
252	-0.02500000	0.28000000
253	-0.02500000	0.28000000
254	-0.02500000	0.28000000
255	-0.02500000	0.28000000
256	-0.03000000	0.29000000
257	-0.03500000	0.29000000
258	-0.03500000	0.29000000
259	-0.03500000	0.29000000
260	-0.03000000	0.29000000
261	-0.03000000	0.29000000
262	-0.03000000	0.29000000
263	-0.03000000	0.29000000
264	-0.02500000	0.29000000
265	-0.02500000	0.29000000
266	-0.02500000	0.29000000
267	-0.02500000	0.29000000
268	-0.03000000	0.29000000
269	-0.03000000	0.29000000
270	-0.03500000	0.29000000
271	-0.03500000	0.29000000
272	-0.03000000	0.29000000
273	-0.03000000	0.29000000
274	-0.02500000	0.30000000
275	-0.02500000	0.30000000
276	-0.02500000	0.30000000
277	-0.02500000	0.30000000
278	-0.02500000	0.30000000
279	-0.02500000	0.30000000
280	-0.02500000	0.30000000
281	-0.02000000	0.31000000
282	-0.02500000	0.31000000
283	-0.02000000	0.32000000
284	-0.02000000	0.32000000
285	-0.02000000	0.32000000
286	-0.02000000	0.32000000
287	-0.02000000	0.32000000
288	-0.02000000	0.32000000
289	-0.02500000	0.32000000
290	-0.02000000	0.34000000
291	-0.01500000	0.34000000
292	-0.01000000	0.33000000
293	-0.01500000	0.33000000
294	-0.01500000	0.33000000
295	-0.02000000	0.33000000
296	-0.02000000	0.33000000
297	-0.02000000	0.33000000
298	-0.02000000	0.33000000
299	-0.02500000	0.34000000
300	-0.02500000	0.34000000
301	-0.02000000	0.35000000
302	-0.02000000	0.35000000
303	-0.02000000	0.35000000
304	-0.02000000	0.35000000
305	-0.02000000	0.35000000
306	-0.02000000	0.35000000
307	-0.02000000	0.35000000
308	-0.02000000	0.35000000
309	-0.01500000	0.35000000
310	-0.01500000	0.35000000
311	-0.01500000	0.35000000
312	-0.01000000	0.35000000
313	-0.01500000	0.36000000
314	-0.01500000	0.36000000
315	-0.02000000	0.37000000
316	-0.02500000	0.37000000
317	-0.03000000	0.38000000
318	-0.03500000	0.39000000
319	-0.03500000	0.39000000
320	-0.03500000	0.39000000
321	-0.03500000	0.39000000
322	-0.03500000	0.39000000
323	-0.04000000	0.39000000
324	-0.03500000	0.40000000
325	-0.03500000	0.40000000
326	-0.03000000	0.41000000
327	-0.02500000	0.40000000
328	-0.02500000	0.40000000
329	-0.03000000	0.40000000
330	-0.03000000	0.40000000
331	-0.03000000	0.40000000
332	-0.02500000	0.40000000
333	-0.02500000	0.40000000
334	-0.02500000	0.40000000
335	-0.02500000	0.40000000
336	-0.02500000	0.40000000
337	-0.03000000	0.41000000
338	-0.03000000	0.41000000
339	-0.03000000	0.41000000
340	-0.03000000	0.41000000
341	-0.02500000	0.42000000
342	-0.02500000	0.42000000
343	-0.02500000	0.42000000
344	-0.02500000	0.42000000
345	-0.02500000	0.42000000
346	-0.02500000	0.42000000
347	-0.02500000	0.42000000
348	-0.03000000	0.42000000
349	-0.02500000	0.44000000
350	-0.02000000	0.44000000
351	-0.02000000	0.44000000
352	-0.02000000	0.44000000
353	-0.02000000	0.44000000
354	-0.02500000	0.45000000
355	-0.03000000	0.45000000
356	-0.03500000	0.45000000
357	-0.03500000	0.45000000
358	-0.03500000	0.45000000
359	-0.04000000	0.44000000
360	-0.04000000	0.44000000
361	-0.04000000	0.44000000
362	-0.04000000	0.44000000
363	-0.04000000	0.44000000
364	-0.04000000	0.44000000
365	-0.04000000	0.44000000
366	-0.04000000	0.44000000
367	-0.04500000	0.45000000
368	-0.04500000	0.45000000
369	-0.04000000	0.44000000
370	-0.03500000	0.44000000
371	-0.03500000	0.44000000
372	-0.03500000	0.44000000
373	-0.03500000	0.44000000
374	-0.03500000	0.44000000
375	-0.03500000	0.44000000
376	-0.03500000	0.44000000
377	-0.03500000	0.44000000
378	-0.03500000	0.44000000
379	-0.03000000	0.43000000
380	-0.03500000	0.44000000
381	-0.03500000	0.44000000
382	-0.04000000	0.44000000
383	-0.04000000	0.44000000
384	-0.04000000	0.44000000
385	-0.03500000	0.44000000
386	-0.03500000	0.44000000
387	-0.03500000	0.44000000
388	-0.03000000	0.44000000
389	-0.03000000	0.44000000
390	-0.03000000	0.44000000
391	-0.03000000	0.44000000
392	-0.03000000	0.44000000
393	-0.03000000	0.44000000
394	-0.03000000	0.44000000
395	-0.03000000	0.44000000
396	-0.03000000	0.44000000
397	-0.02500000	0.45000000
398	-0.02500000	0.45000000
399	-0.03000000	0.45000000
